size 16
0 1 0 -5.21028 -1 0 6.12303e-17 0.7 6.12303e-17 0 1 -0.227936 
0 0.96431 0.264776 -4.91958 -1 -1.62123e-17 5.9045e-17 0.774424 6.12303e-17 -0.264776 0.96431 0.106182 
0 0.859787 0.510653 -4.62196 -1 -3.12674e-17 5.2645e-17 0.848849 6.12303e-17 -0.510653 0.859787 0.462679 
0 0.693893 0.720078 -4.31176 -1 -4.40906e-17 4.24873e-17 0.923273 6.12303e-17 -0.720078 0.693893 0.838927 
0 0.650742 0.759299 -4.24209 -1 -4.64921e-17 3.98451e-17 0.93947 6.12303e-17 -0.759299 0.650742 0.923057 
0 0.650742 0.759299 -4.24209 -1 -4.64921e-17 3.98451e-17 0.93947 6.12303e-17 -0.759299 0.650742 0.923057 
0 -0.0816056 0.996665 -3.89282 -1 -6.10261e-17 -4.99674e-18 1.21027 6.12303e-17 -0.996665 -0.0816056 1.14082 
0 -0.405006 0.914314 -3.68447 -1 -5.59837e-17 -2.47986e-17 1.32517 6.12303e-17 -0.914314 -0.405006 1.23549 
0 -0.405006 0.914314 -3.68447 -1 -5.59837e-17 -2.47986e-17 1.32517 6.12303e-17 -0.914314 -0.405006 1.23549 
0 0.0644815 0.997919 -3.34945 -1 -6.11029e-17 3.94822e-18 1.20467 6.12303e-17 -0.997919 0.0644815 0.765218 
0 0.519305 0.854589 -2.93986 -1 -5.23267e-17 3.17972e-17 1.08416 6.12303e-17 -0.854589 0.519305 0.297423 
0 0.856035 0.516918 -2.46533 -1 -3.16511e-17 5.24153e-17 0.96366 6.12303e-17 -0.516918 0.856035 -0.133644 
0 0.925665 0.378344 -2.30219 -1 -2.31661e-17 5.66788e-17 0.92481 6.12303e-17 -0.378344 0.925665 -0.260159 
0 0.925665 0.378344 -2.30219 -1 -2.31661e-17 5.66788e-17 0.92481 6.12303e-17 -0.378344 0.925665 -0.260159 
0 0.981383 0.19206 -1.75552 -1 -1.17599e-17 6.00904e-17 0.811975 6.12303e-17 -0.19206 0.981383 -0.249985 
0 1 0 -1.21028 -1 0 6.12303e-17 0.7 6.12303e-17 0 1 -0.227936 
