size 5
1 0 0 -17.2 0 1 0 0.6 0 0 1 -8.7 
0.650742 0.759299 0 -15.9864 -0.759299 0.650742 0 1.62865 0 0 1 -8.93947 
-0.405006 0.914314 0 -15.3888 -0.914314 -0.405006 0 1.59327 0 0 1 -9.32517 
0.925665 0.378344 0 -14.1686 -0.378344 0.925665 0 0.539509 0 0 1 -8.92481 
1 0 0 -13.2 0 1 0 0.6 0 0 1 -8.7 
